0 0 0.47058823529411764 0.7500000000000001 1.0 0.25 0.5 0.0 0 0.25 0.0 0.7500000000000001 0.5 1.0 0
1 0 0.4666666666666667 0.0 0.8 0.2 1.0 0 0 1.0 0.2 0.8 0.0 0 0
2 0 0.48148148148148145 0.4444444444444444 0.3333333333333333 0.2857142857142857 1.0 1.0 0 0.5555555555555556 0.6666666666666666 0.7142857142857143 0.0 0.0 0
3 0 0.5 0.8333333333333334 0.25 0.28571428571428575 0 0.0 0 0.16666666666666666 0.75 0.7142857142857144 0 1.0 0
0 1 0.42857142857142855 0.75 0.25 0.0 0.5 0.5 0 0.25 0.75 1.0 0.5 0.5 0
1 1 0.3333333333333333 0.39999999999999997 0 0.0 1.0 0 0 0.6 0 1.0 0.0 0 0
2 1 0.6190476190476191 0.8888888888888888 0.5 0.3333333333333333 0 0 0 0.1111111111111111 0.5 0.6666666666666666 0 0 0
3 1 0.2916666666666667 0.25 0.0 0.0 0.5 1.0 0 0.75 1.0 1.0 0.5 0.0 0
0 2 0.5161290322580645 0.5 0.42857142857142855 0.25 1.0 0.7777777777777777 0 0.5 0.5714285714285714 0.75 0.0 0.2222222222222222 0
1 2 0.41935483870967744 0.5 0.25 0.3333333333333333 0 0.6666666666666666 0 0.5 0.75 0.6666666666666666 0 0.3333333333333333 0
2 2 0.3793103448275862 0.5 0.16666666666666666 0.5 0.0 0.375 0 0.5 0.8333333333333334 0.5 1.0 0.625 0
3 2 0.2833333333333333 0.6000000000000001 0.1875 0.2 0.2857142857142857 0.25 0 0.4 0.8125 0.8 0.7142857142857142 0.7499999999999999 0
0 3 0.21621621621621623 0.5 0.1 0.25 0.0 0.2 0 0.5 0.9 0.75 1.0 0.8 0
1 3 0.21875 0.1 0.0 0.4 0.0 1.0 0 0.9 1.0 0.6 1.0 0.0 0
2 3 0.3541666666666667 0.36363636363636365 0.2222222222222222 0.4 0.3333333333333333 0.42857142857142855 0 0.6363636363636365 0.7777777777777778 0.6 0.6666666666666666 0.5714285714285714 0
3 3 0.30303030303030304 0.375 0.14285714285714285 0.3333333333333333 0.5 0.25 0 0.625 0.8571428571428571 0.6666666666666666 0.5 0.75 0
0 4 0.41379310344827586 0.6666666666666666 0.75 0.36363636363636365 0.0 0.19999999999999998 0 0.3333333333333333 0.25 0.6363636363636365 1.0 0.7999999999999999 0
1 4 0.43478260869565216 0.0 0.0 0.5714285714285714 1.0 0.45454545454545453 0 1.0 1.0 0.42857142857142855 0.0 0.5454545454545454 0
2 4 0.2857142857142857 0.25 0.0 0.25 0.0 0.5 0 0.75 1.0 0.75 1.0 0.5 0
3 4 0.4634146341463415 0.5 0.25 0.4285714285714285 1.0 0.7142857142857142 0 0.5 0.75 0.5714285714285714 0.0 0.2857142857142857 0
0 5 0.5555555555555556 0.875 0.5833333333333334 0.0 1.0 0 0 0.125 0.4166666666666667 1.0 0.0 0 0
1 5 0.48148148148148145 0.8888888888888888 0.2222222222222222 0.2 0.0 0.6666666666666666 0 0.1111111111111111 0.7777777777777778 0.8 1.0 0.3333333333333333 0
2 5 0.45 0.5555555555555556 0.6666666666666667 0.16666666666666669 0.5 0 0 0.4444444444444445 0.33333333333333337 0.8333333333333334 0.5 0 0
3 5 0.6470588235294118 0.8125 0.7777777777777777 0.16666666666666666 0.0 1.0 0 0.18750000000000003 0.2222222222222222 0.8333333333333333 1.0 0.0 0
0 6 0.38461538461538464 0.5454545454545455 0.46153846153846156 0.2380952380952381 1.0 0.4 0.0 0.4545454545454546 0.5384615384615384 0.761904761904762 0.0 0.6 1.0
1 6 0.375 0.4545454545454546 0.5555555555555556 0.14285714285714285 0.0 0.8333333333333334 0 0.5454545454545455 0.4444444444444444 0.8571428571428571 1.0 0.16666666666666666 0
2 6 0.39285714285714285 0.6 0.25 0.3333333333333333 0.19999999999999998 0.6 0 0.39999999999999997 0.75 0.6666666666666666 0.7999999999999999 0.39999999999999997 0
3 6 0.4074074074074074 1.0 0.0 0.2 0.5 0.0 0 0.0 1.0 0.8 0.5 1.0 0
0 7 0.28 0.75 0.0 0.16666666666666669 0.0 0.6 0 0.25 1.0 0.8333333333333334 1.0 0.39999999999999997 0
1 7 0.34615384615384615 0.6666666666666666 0.3 0.2857142857142857 0.0 0.4545454545454546 0 0.3333333333333333 0.7 0.7142857142857142 1.0 0.5454545454545455 0
2 7 0.2564102564102564 0.4 0.0 0.30000000000000004 0.3333333333333333 0.4285714285714286 0 0.6000000000000001 1.0 0.7000000000000001 0.6666666666666666 0.5714285714285714 0
3 7 0.4523809523809524 0.625 0.2857142857142857 0.3 0.6666666666666666 0.4545454545454545 0 0.375 0.7142857142857143 0.7 0.3333333333333333 0.5454545454545454 0
0 8 0.45 1.0 0.4 0.28571428571428575 0.33333333333333337 0.6666666666666667 0 0.0 0.6 0.7142857142857143 0.6666666666666667 0.33333333333333337 0
1 8 0.2222222222222222 0.2857142857142857 0.3333333333333333 0.125 0 0 0 0.7142857142857143 0.6666666666666666 0.8750000000000001 0 0 0
2 8 0.3157894736842105 0.42857142857142855 0.0 0.3333333333333333 0.0 0 0 0.5714285714285714 1.0 0.6666666666666666 1.0 0 0
3 8 0.3939393939393939 0.4545454545454546 0.6666666666666666 0.25 0.5 0.0 0 0.5454545454545455 0.3333333333333333 0.7499999999999999 0.5 1.0 0
0 9 0.23333333333333334 0.0 0.3333333333333333 0.22222222222222224 0.16666666666666666 0.2857142857142857 0 1.0 0.6666666666666666 0.7777777777777778 0.8333333333333333 0.7142857142857142 0
1 9 0.23333333333333334 0.0 0.2 0.1 1.0 0.375 0 1.0 0.8 0.9 0.0 0.625 0
2 9 0.23333333333333334 0.6666666666666666 0.0 0.13333333333333333 0.5 0.4 0 0.3333333333333333 1.0 0.8666666666666667 0.5 0.6000000000000001 0
3 9 0.09803921568627451 0.0 0.0 0.125 0.0 0.3 0 1.0 1.0 0.8750000000000001 1.0 0.7000000000000001 0
0 10 0.5357142857142857 0.0 0.0 0.16666666666666666 0.75 0.8461538461538461 0 1.0 1.0 0.8333333333333334 0.25 0.15384615384615383 0
1 10 0.46511627906976744 0.9 0.3 0.15384615384615385 0.3333333333333333 0.7142857142857142 0 0.1 0.7000000000000001 0.8461538461538463 0.6666666666666666 0.2857142857142857 0
2 10 0.36363636363636365 0.25 0.2 0.11111111111111112 1.0 0.4545454545454546 0 0.75 0.8 0.888888888888889 0.0 0.5454545454545455 0
3 10 0.4473684210526316 0.5 0.25 0.4117647058823529 0.6666666666666666 0.5 0 0.5 0.75 0.588235294117647 0.3333333333333333 0.5 0
0 11 0.1 0 0 0.0 1.0 0.0 0 0 0 1.0 0.0 1.0 0
1 11 0.15384615384615385 0 0.0 0.11111111111111112 0.0 1.0 0 0 1.0 0.888888888888889 1.0 0.0 0
2 11 0.3225806451612903 0.16666666666666666 0.16666666666666666 0.75 0.3333333333333333 0.2727272727272727 1.0 0.8333333333333334 0.8333333333333334 0.25 0.6666666666666666 0.7272727272727272 0.0
3 11 0.3076923076923077 0.0 0.3333333333333333 0.0 0 0.4285714285714286 0 1.0 0.6666666666666666 1.0 0 0.5714285714285715 0
0 12 0.24509803921568626 0.30434782608695654 0.3333333333333333 0.16666666666666669 0.3 0.25 0 0.6956521739130435 0.6666666666666666 0.8333333333333334 0.7000000000000001 0.7500000000000001 0
1 12 0.28 0.5 0.2631578947368421 0.21276595744680854 0.25 0.3 0 0.5 0.736842105263158 0.7872340425531915 0.75 0.7000000000000001 0
2 12 0.5 0.8 0.625 0.42105263157894735 0.4285714285714285 0.5 0 0.2 0.37499999999999994 0.5789473684210527 0.5714285714285714 0.5 0
3 12 0.4 0.5333333333333333 0.39999999999999997 0.2647058823529412 0.75 0.5714285714285714 0 0.4666666666666667 0.6 0.7352941176470588 0.25 0.42857142857142855 0
0 13 0.2631578947368421 0.0 0.2 0.0 0.6666666666666666 0.5 0 1.0 0.8 1.0 0.3333333333333333 0.5 0
1 13 0.1875 0.3333333333333333 0.0 0.3333333333333333 0.0 0.0 0 0.6666666666666666 1.0 0.6666666666666666 1.0 1.0 0
2 13 0.4074074074074074 0.5714285714285714 0.2222222222222222 0.6 0.3333333333333333 0.3333333333333333 0 0.42857142857142855 0.7777777777777778 0.4 0.6666666666666666 0.6666666666666666 0
3 13 0.2857142857142857 0.5 0.16666666666666666 0.3333333333333333 0 0 0 0.5 0.8333333333333334 0.6666666666666666 0 0 0
0 14 0.4666666666666667 0.6000000000000001 0.6666666666666666 0.2 0 0.5 0 0.4 0.3333333333333333 0.8 0 0.5 0
1 14 0.375 0.25 0.5 0.3333333333333333 0.0 1.0 0 0.75 0.5 0.6666666666666666 1.0 0.0 0
2 14 0.55 1.0 0.7499999999999999 0.22222222222222224 0 0.7499999999999999 0 0.0 0.25 0.7777777777777777 0 0.25 0
3 14 0.3939393939393939 0.33333333333333337 0.5 0.38461538461538464 0.3333333333333333 0 0 0.6666666666666667 0.5 0.6153846153846154 0.6666666666666666 0 0
0 15 0.40540540540540543 0.75 0.0 0.0 0.2857142857142857 0.5882352941176471 0 0.25 1.0 1.0 0.7142857142857143 0.4117647058823529 0
1 15 0.3142857142857143 0.7142857142857142 0.11111111111111112 0.0 0.2 0.5714285714285714 0 0.2857142857142857 0.888888888888889 1.0 0.8 0.42857142857142855 0
2 15 0.3142857142857143 1.0 0.0 0.3333333333333333 0.0 0.42857142857142855 0 0.0 1.0 0.6666666666666666 1.0 0.5714285714285714 0
3 15 0.3191489361702128 0.5714285714285714 0.1111111111111111 0.25 0.33333333333333337 0.375 0 0.42857142857142855 0.8888888888888888 0.75 0.6666666666666667 0.625 0
0 16 0.48 0.6666666666666667 0.33333333333333337 0.3333333333333333 0.6666666666666667 0.5714285714285714 0 0.33333333333333337 0.6666666666666667 0.6666666666666666 0.33333333333333337 0.4285714285714285 0
1 16 0.4166666666666667 0.6 0.6666666666666666 0.27272727272727276 0 0.0 0 0.39999999999999997 0.3333333333333333 0.7272727272727273 0 1.0 0
2 16 0.375 0.0 0.39999999999999997 0.5454545454545455 0.0 0.19999999999999998 0 1.0 0.6 0.4545454545454546 1.0 0.7999999999999999 0
3 16 0.4230769230769231 0.3333333333333333 1.0 0.4 0.2 0.75 0 0.6666666666666666 0.0 0.6 0.8 0.25 0
0 17 0.3333333333333333 0.3846153846153846 0.0 0.25 0 0.5 0 0.6153846153846153 1.0 0.75 0 0.5 0
1 17 0.35714285714285715 0.5 0.25 0.5714285714285714 0.25 0.0 0 0.5 0.75 0.42857142857142855 0.75 1.0 0
2 17 0.12903225806451613 0.0 0.0 0.3 0.0 0.2 0 1.0 1.0 0.7 1.0 0.8 0
3 17 0.33962264150943394 0.4444444444444445 0.33333333333333337 0.15384615384615383 0.0 0.7 0.0 0.5555555555555556 0.6666666666666667 0.8461538461538461 1.0 0.3 1.0
0 18 0.5 0.5 1.0 0.3333333333333333 0.5 1.0 0 0.5 0.0 0.6666666666666666 0.5 0.0 0
1 18 0.3181818181818182 0.0 0.0 0.33333333333333337 0.5 0.5555555555555555 0 1.0 1.0 0.6666666666666667 0.5 0.4444444444444444 0
2 18 0.3888888888888889 0.5 0.0 0.25 0.5 1.0 0 0.5 1.0 0.75 0.5 0.0 0
3 18 0.4838709677419355 0.75 0.4 0.375 0.0 0.5 0 0.25 0.6 0.625 1.0 0.5 0
0 19 0.30357142857142855 0.08333333333333333 0.2916666666666667 0.26666666666666666 0.2380952380952381 0.42499999999999993 0 0.9166666666666667 0.7083333333333334 0.7333333333333334 0.7619047619047619 0.575 0
1 19 0.17204301075268819 0.14285714285714285 0.09523809523809525 0.16666666666666669 0.125 0.45454545454545453 0 0.8571428571428571 0.9047619047619049 0.8333333333333334 0.875 0.5454545454545454 0
2 19 0.2892561983471074 0.2 0.13636363636363635 0.3125 0.15384615384615385 0.6 0.0 0.8 0.8636363636363636 0.6875 0.8461538461538461 0.4 1.0
3 19 0.3904761904761905 0.41666666666666663 0.13333333333333336 0.47500000000000003 0.11764705882352941 0.6190476190476191 0 0.5833333333333334 0.8666666666666667 0.525 0.8823529411764705 0.380952380952381 0
0 20 0.45 0.8 0.25 0.4 0.0 0 0 0.2 0.7499999999999999 0.6 1.0 0 0
1 20 0.3333333333333333 0.5 0.5 0.0 0.0 0.0 0 0.5 0.5 1.0 1.0 1.0 0
2 20 0.35 0.5 0.0 0.3 0 0 0 0.5 1.0 0.7 0 0 0
3 20 0.39285714285714285 0.7 0.0 0.5 0.5 0.0 0 0.3 1.0 0.5 0.5 1.0 0
0 21 0.6923076923076923 0.8333333333333334 0.6666666666666666 0.0 0 1.0 0 0.16666666666666666 0.3333333333333333 1.0 0 0.0 0
1 21 0.6 1.0 0.5 1.0 0 0.0 0 0.0 0.5 0.0 0 1.0 0
2 21 0.45454545454545453 0.7499999999999999 0.33333333333333337 0.0 0 0 0 0.25 0.6666666666666667 1.0 0 0 0
3 21 0.45454545454545453 0.0 0.5 0.6666666666666667 0.0 1.0 0 1.0 0.5 0.33333333333333337 1.0 0.0 0
0 22 0.3103448275862069 0.38095238095238093 0.15384615384615385 0.18181818181818182 0.3333333333333333 0.5714285714285714 0 0.6190476190476191 0.8461538461538461 0.8181818181818182 0.6666666666666666 0.42857142857142855 0
1 22 0.2 0.2 0.0 0.2857142857142857 0.0 0.5 0 0.8 1.0 0.7142857142857142 1.0 0.5 0
2 22 0.27586206896551724 0.19999999999999998 0.3333333333333333 0.2222222222222222 0.0 0.5 0 0.7999999999999999 0.6666666666666666 0.7777777777777778 1.0 0.5 0
3 22 0.2222222222222222 0.16666666666666666 0.375 0.25 0 0.0 0.0 0.8333333333333334 0.625 0.75 0 1.0 1.0
0 23 0.391304347826087 0.42857142857142855 0.3333333333333333 0.125 0.0 1.0 0 0.5714285714285714 0.6666666666666666 0.8750000000000001 1.0 0.0 0
1 23 0.375 1.0 0.0 0.5714285714285714 0.25 0.0 0 0.0 1.0 0.42857142857142855 0.75 1.0 0
2 23 0.24324324324324326 0.5 0.0 0.1111111111111111 0.0 1.0 0 0.5 1.0 0.8888888888888888 1.0 0.0 0
3 23 0.4838709677419355 0.8 0.3333333333333333 0.3846153846153846 0.4 0.75 0.0 0.2 0.6666666666666666 0.6153846153846153 0.6 0.25 1.0
0 24 0.3076923076923077 0.5 0.3333333333333333 0.4 0.0 0.22222222222222224 0 0.5 0.6666666666666666 0.6 1.0 0.7777777777777778 0
1 24 0.38461538461538464 0.0 0 0.6666666666666666 0 0.5 0 1.0 0 0.3333333333333333 0 0.5 0
2 24 0.21739130434782608 0.3333333333333333 0.1 0.5 0.0 0.0 0 0.6666666666666666 0.9 0.5 1.0 1.0 0
3 24 0.35714285714285715 0.19999999999999998 0.0 0.6 1.0 0.5 0 0.7999999999999999 1.0 0.39999999999999997 0.0 0.5 0
